Description
============================

Env: Humanoid-v1
Policy: GMLP (100, 50, 25)
batch_size: 50000
n_itr: 20
Worker Affinity: [w_id]
KNL Config: Quadrant, Cache






		Number of Samplers: 2


---Timer Report---
Timer:      	'train'
Total:      	4932.4
Stamps Sum: 	4932.2
Self:       	0.022794
Self Agg.:  	0.051377
Calls:      	151
Calls Agg.: 	718
Grabs Agg.: 	79

Intervals
---------
init ................... 1.985
sample ................. 3879
  get_params ............. 0.009815
  sample_paths ........... 3878
    init_mgr ............... 1.959
    collect ................ 3749
    get .................... 123.5
proc_samp .............. 79.62
log_diagn .............. 3.838
opt_pol ................ 898.6
  inputs ................. 0.004307
  loss_kl ................ 82.68
  optimize ............... 733.7
  loss_after ............. 82.2
snapshot ............... 0.4336
opt_pol_0 .............. 69.15

Loop Iterations
---------------
Timer:      	'train'

Iter.	sample      	proc_samp   	log_diagn   	opt_pol     	snapshot    
-----	------		------		------		------		------	
0    	192		2.72		0.0799		0		0.0201	
1    	194		4.28		0.16		48.9		0.0188	
2    	195		4.3		0.183		48.3		0.0243	
3    	195		4.28		0.161		48.2		0.0207	
4    	194		4.27		0.158		48		0.0228	
5    	194		4.24		0.224		47.6		0.0242	
6    	195		4.15		0.158		47.9		0.0181	
7    	195		4.15		0.308		47.6		0.0239	
8    	195		3.98		0.213		47.3		0.0214	
9    	194		4.11		0.171		47		0.0236	
10   	193		4.03		0.177		46.9		0.0181	
11   	193		3.98		0.183		46.8		0.0248	
12   	193		4.02		0.146		46.9		0.0218	
13   	193		3.96		0.235		47		0.0175	
14   	193		3.94		0.202		46.8		0.0244	
15   	194		3.9		0.328		46.6		0.0236	
16   	194		3.88		0.144		46.5		0.0232	
17   	195		3.88		0.201		47		0.0192	
18   	195		3.79		0.218		46.5		0.0252	
19   	195		3.77		0.189		46.5		0.0179	

Timer:      	'run_collect'
Parent Timer:	'obtain_samples'
Stamp Lineage:	('sample')-->('sample_paths')

Iter.	init_mgr    	collect     	get         
-----	------		------		------	
0    	0.0655		183		8.65	
1    	0.0834		186		7.99	
2    	0.0907		187		7.79	
3    	0.095		186		8.08	
4    	0.1		186		7.27	
5    	0.1		187		6.69	
6    	0.0992		188		6.77	
7    	0.0996		187		6.97	
8    	0.0988		188		6.24	
9    	0.1		188		6.02	
10   	0.102		187		5.84	
11   	0.102		187		5.59	
12   	0.102		187		5.21	
13   	0.102		187		5.31	
14   	0.101		188		4.88	
15   	0.101		188		5.08	
16   	0.103		189		4.63	
17   	0.106		189		5.2	
18   	0.103		190		4.62	
19   	0.105		190		4.65	

Timer:      	'opt_pol'
Parent Timer:	'train'
Stamp Lineage:	('opt_pol')

Iter.	inputs      	loss_kl     	optimize    	loss_after  
-----	------		------		------		------	
0    	0.00018		4.48		39.9		4.48	
1    	0.00017		4.55		39.3		4.45	
2    	0.00018		4.49		39.3		4.43	
3    	0.00022		4.39		39.2		4.38	
4    	0.00016		4.37		38.9		4.37	
5    	0.0002		4.5		39		4.38	
6    	0.00016		4.47		38.8		4.35	
7    	0.00018		4.34		38.7		4.36	
8    	0.00024		4.31		38.4		4.32	
9    	0.00017		4.32		38.3		4.3	
10   	0.00017		4.3		38.2		4.3	
11   	0.00059		4.3		38.3		4.29	
12   	0.00017		4.28		38.4		4.27	
13   	0.0006		4.26		38.3		4.27	
14   	0.00017		4.29		38.1		4.26	
15   	0.0002		4.26		38		4.27	
16   	0.00018		4.25		38.5		4.24	
17   	0.00017		4.25		38		4.25	
18   	0.00018		4.28		38		4.23	

---End Report---



		Number of Samplers: 4


---Timer Report---
Timer:      	'train'
Total:      	3148.5
Stamps Sum: 	3148.3
Self:       	0.022044
Self Agg.:  	0.0467
Calls:      	151
Calls Agg.: 	718
Grabs Agg.: 	79

Intervals
---------
init ................... 2.051
sample ................. 2091
  get_params ............. 0.01083
  sample_paths ........... 2090
    init_mgr ............... 2.065
    collect ................ 1979
    get .................... 105.3
proc_samp .............. 79.01
log_diagn .............. 4.185
opt_pol ................ 902
  inputs ................. 0.003688
  loss_kl ................ 82.58
  optimize ............... 736.9
  loss_after ............. 82.56
snapshot ............... 0.4266
opt_pol_0 .............. 70.1

Loop Iterations
---------------
Timer:      	'train'

Iter.	sample      	proc_samp   	log_diagn   	opt_pol     	snapshot    
-----	------		------		------		------		------	
0    	105		2.83		0.0816		0		0.0193	
1    	105		3.93		0.16		49.2		0.0178	
2    	105		4.32		0.177		48.8		0.0175	
3    	105		4.33		0.179		48.7		0.0187	
4    	104		4.29		0.171		48.3		0.0229	
5    	104		4.34		0.176		48.6		0.0243	
6    	104		4.4		0.168		47.8		0.0217	
7    	104		4.33		0.243		47.5		0.0183	
8    	104		4.2		0.214		47.5		0.025	
9    	105		4.08		0.267		47.5		0.0187	
10   	104		4.11		0.218		47.8		0.0247	
11   	104		3.95		0.288		47		0.017	
12   	104		3.97		0.194		46.8		0.0231	
13   	105		3.75		0.276		46.8		0.0236	
14   	105		3.87		0.279		46.5		0.021	
15   	105		3.65		0.291		46.4		0.022	
16   	105		3.68		0.23		46.8		0.029	
17   	105		3.66		0.144		46.4		0.0237	
18   	105		3.73		0.143		47.1		0.0176	
19   	104		3.6		0.287		46.3		0.0208	

Timer:      	'run_collect'
Parent Timer:	'obtain_samples'
Stamp Lineage:	('sample')-->('sample_paths')

Iter.	init_mgr    	collect     	get         
-----	------		------		------	
0    	0.071		95.6		9.04	
1    	0.0802		97.3		7.73	
2    	0.0869		97.1		7.49	
3    	0.0987		97.4		7.1	
4    	0.0964		97.6		6.44	
5    	0.102		97.6		6.09	
6    	0.105		98.1		5.66	
7    	0.101		98.1		5.41	
8    	0.105		98.5		4.92	
9    	0.105		99.6		4.76	
10   	0.132		98.9		4.47	
11   	0.107		99.2		4.46	
12   	0.107		99.7		4.18	
13   	0.105		101		4.04	
14   	0.11		100		4.05	
15   	0.109		100		3.99	
16   	0.112		101		3.87	
17   	0.107		100		4.07	
18   	0.112		101		3.74	
19   	0.113		100		3.8	

Timer:      	'opt_pol'
Parent Timer:	'train'
Stamp Lineage:	('opt_pol')

Iter.	inputs      	loss_kl     	optimize    	loss_after  
-----	------		------		------		------	
0    	0.00044		4.53		40.1		4.54	
1    	0.00014		4.48		39.8		4.51	
2    	0.00013		4.47		39.7		4.49	
3    	0.00014		4.43		39.4		4.46	
4    	0.00014		4.4		39.8		4.38	
5    	0.00014		4.44		39		4.39	
6    	0.00014		4.34		38.8		4.36	
7    	0.00014		4.33		38.8		4.32	
8    	0.00014		4.32		38.8		4.37	
9    	0.00019		4.36		39.1		4.3	
10   	0.00019		4.28		38.4		4.29	
11   	0.00014		4.3		38.2		4.28	
12   	0.00023		4.35		38.2		4.27	
13   	0.00014		4.3		37.9		4.28	
14   	0.00014		4.24		37.9		4.27	
15   	0.00014		4.27		38.3		4.3	
16   	0.00039		4.25		37.9		4.24	
17   	0.00038		4.27		38.6		4.26	
18   	0.0002		4.23		37.8		4.25	

---End Report---



		Number of Samplers: 8


---Timer Report---
Timer:      	'train'
Total:      	2142.9
Stamps Sum: 	2142.8
Self:       	0.020756
Self Agg.:  	0.046671
Calls:      	151
Calls Agg.: 	718
Grabs Agg.: 	79

Intervals
---------
init ................... 2.12
sample ................. 1089
  get_params ............. 0.01003
  sample_paths ........... 1089
    init_mgr ............... 1.734
    collect ................ 988.2
    get .................... 95.01
proc_samp .............. 77.24
log_diagn .............. 4.41
opt_pol ................ 899.6
  inputs ................. 0.003917
  loss_kl ................ 82.33
  optimize ............... 735.1
  loss_after ............. 82.16
snapshot ............... 0.4226
opt_pol_0 .............. 70.15

Loop Iterations
---------------
Timer:      	'train'

Iter.	sample      	proc_samp   	log_diagn   	opt_pol     	snapshot    
-----	------		------		------		------		------	
0    	55.9		2.7		0.0782		0		0.0213	
1    	55.4		3.96		0.158		48.3		0.0241	
2    	54.9		4.18		0.163		48.1		0.022	
3    	55.5		4.23		0.165		47.9		0.0195	
4    	54.5		4.33		0.211		47.8		0.0194	
5    	54.8		4.19		0.155		47.6		0.0236	
6    	54.7		4.13		0.203		47.7		0.0197	
7    	54.8		4.05		0.221		47.2		0.0184	
8    	54.2		4.04		0.228		47.3		0.0241	
9    	53.9		4		0.149		47.3		0.0206	
10   	54.2		3.83		0.26		47.3		0.02	
11   	53.9		3.91		0.301		46.9		0.0239	
12   	54.2		3.89		0.22		47.6		0.0185	
13   	54.1		3.74		0.215		46.8		0.0189	
14   	53.7		3.74		0.291		46.8		0.0188	
15   	54		3.71		0.344		46.8		0.0185	
16   	54		3.72		0.143		47.4		0.0237	
17   	53.9		3.68		0.295		46.9		0.0218	
18   	54.5		3.62		0.367		46.9		0.025	
19   	53.9		3.6		0.242		46.9		0.021	

Timer:      	'run_collect'
Parent Timer:	'obtain_samples'
Stamp Lineage:	('sample')-->('sample_paths')

Iter.	init_mgr    	collect     	get         
-----	------		------		------	
0    	0.0702		47.8		7.97	
1    	0.0805		48.9		6.37	
2    	0.081		48.7		6.02	
3    	0.0822		49.3		5.93	
4    	0.0859		48.9		5.41	
5    	0.0839		49.1		5.36	
6    	0.0871		49.4		5.02	
7    	0.0844		49.6		4.88	
8    	0.0894		49.3		4.62	
9    	0.0894		49.2		4.42	
10   	0.0884		49.4		4.52	
11   	0.0869		49.5		4.13	
12   	0.0891		49.9		4.05	
13   	0.0915		49.7		4.08	
14   	0.0904		49.6		3.77	
15   	0.0898		49.9		3.79	
16   	0.0911		49.9		3.74	
17   	0.0892		50		3.66	
18   	0.0904		50.4		3.73	
19   	0.0932		50		3.56	

Timer:      	'opt_pol'
Parent Timer:	'train'
Stamp Lineage:	('opt_pol')

Iter.	inputs      	loss_kl     	optimize    	loss_after  
-----	------		------		------		------	
0    	0.00016		4.44		39.5		4.43	
1    	0.00016		4.45		39.3		4.41	
2    	0.00014		4.45		39.1		4.4	
3    	0.00016		4.39		39		4.36	
4    	0.00015		4.36		38.9		4.35	
5    	0.00015		4.34		39		4.34	
6    	0.00021		4.37		38.5		4.35	
7    	0.00016		4.32		38.7		4.33	
8    	0.00065		4.33		38.7		4.3	
9    	0.00015		4.3		38.7		4.31	
10   	0.00015		4.3		38.3		4.29	
11   	0.00016		4.31		39		4.29	
12   	0.00015		4.29		38.3		4.28	
13   	0.00021		4.3		38.2		4.28	
14   	0.00016		4.29		38.3		4.28	
15   	0.00054		4.29		38.7		4.33	
16   	0.00015		4.27		38.4		4.3	
17   	0.00016		4.25		38.4		4.26	
18   	0.00016		4.28		38.3		4.25	

---End Report---



		Number of Samplers: 12


---Timer Report---
Timer:      	'train'
Total:      	1830.4
Stamps Sum: 	1830.2
Self:       	0.020736
Self Agg.:  	0.044589
Calls:      	151
Calls Agg.: 	718
Grabs Agg.: 	79

Intervals
---------
init ................... 2.133
sample ................. 767.8
  get_params ............. 0.009774
  sample_paths ........... 767.8
    init_mgr ............... 1.704
    collect ................ 659.2
    get .................... 103
proc_samp .............. 79.19
log_diagn .............. 4.222
opt_pol ................ 905.1
  inputs ................. 0.003399
  loss_kl ................ 83.06
  optimize ............... 739.1
  loss_after ............. 82.89
snapshot ............... 0.4352
opt_pol_0 .............. 71.26

Loop Iterations
---------------
Timer:      	'train'

Iter.	sample      	proc_samp   	log_diagn   	opt_pol     	snapshot    
-----	------		------		------		------		------	
0    	39.6		2.81		0.0879		0		0.0196	
1    	42.6		4.09		0.164		48.7		0.0255	
2    	40.2		4.39		0.18		48.8		0.0248	
3    	38.9		4.24		0.171		48.5		0.0242	
4    	39		4.31		0.153		48.1		0.0179	
5    	38.7		4.25		0.158		48		0.0227	
6    	38.4		4.17		0.257		47.8		0.0254	
7    	38.2		4.14		0.198		47.7		0.0244	
8    	38		4.13		0.283		47.7		0.0178	
9    	38		3.95		0.303		47.5		0.0238	
10   	37.9		3.99		0.242		47.5		0.0192	
11   	37.8		4.04		0.246		47.1		0.0202	
12   	37.6		3.9		0.248		47.2		0.0187	
13   	37.6		3.85		0.196		47.4		0.0192	
14   	37.6		3.83		0.205		47.2		0.0196	
15   	37.6		3.81		0.201		47.1		0.0218	
16   	37.6		3.85		0.144		47.3		0.0196	
17   	37.5		3.93		0.301		47.2		0.0257	
18   	37.4		3.68		0.288		47.2		0.0202	
19   	37.6		3.83		0.195		47		0.0248	

Timer:      	'run_collect'
Parent Timer:	'obtain_samples'
Stamp Lineage:	('sample')-->('sample_paths')

Iter.	init_mgr    	collect     	get         
-----	------		------		------	
0    	0.0646		32.1		7.46	
1    	0.0746		32.7		9.74	
2    	0.0803		32.7		7.31	
3    	0.0815		32.5		6.14	
4    	0.0835		32.8		5.95	
5    	0.0878		32.8		5.6	
6    	0.0881		32.9		5.26	
7    	0.0889		32.9		4.97	
8    	0.0853		32.9		4.87	
9    	0.0868		32.9		4.85	
10   	0.0884		32.9		4.72	
11   	0.0896		33		4.54	
12   	0.0868		33		4.28	
13   	0.0869		33.1		4.22	
14   	0.0871		33.2		4.16	
15   	0.0906		33.4		3.96	
16   	0.0872		33.4		3.89	
17   	0.0862		33.5		3.72	
18   	0.0918		33.4		3.74	
19   	0.0878		33.7		3.6	

Timer:      	'opt_pol'
Parent Timer:	'train'
Stamp Lineage:	('opt_pol')

Iter.	inputs      	loss_kl     	optimize    	loss_after  
-----	------		------		------		------	
0    	0.00016		4.52		39.7		4.54	
1    	0.0002		4.47		39.8		4.48	
2    	0.00014		4.48		39.6		4.44	
3    	0.00023		4.44		39.3		4.44	
4    	0.00022		4.44		39.1		4.41	
5    	0.00015		4.36		39.1		4.35	
6    	0.00017		4.37		39		4.34	
7    	0.0002		4.37		39		4.35	
8    	0.00014		4.37		38.7		4.42	
9    	0.00015		4.35		38.8		4.34	
10   	0.00014		4.34		38.5		4.35	
11   	0.0002		4.31		38.5		4.31	
12   	0.00016		4.4		38.6		4.32	
13   	0.00015		4.32		38.6		4.29	
14   	0.00014		4.28		38.5		4.3	
15   	0.00041		4.31		38.7		4.31	
16   	0.00014		4.35		38.6		4.3	
17   	0.00016		4.28		38.6		4.3	
18   	0.00014		4.29		38.4		4.3	

---End Report---



		Number of Samplers: 16


---Timer Report---
Timer:      	'train'
Total:      	1766
Stamps Sum: 	1765.8
Self:       	0.021856
Self Agg.:  	0.045931
Calls:      	151
Calls Agg.: 	718
Grabs Agg.: 	79

Intervals
---------
init ................... 2.289
sample ................. 617.9
  get_params ............. 0.009906
  sample_paths ........... 617.9
    init_mgr ............... 1.725
    collect ................ 511.7
    get .................... 100.2
proc_samp .............. 79.22
log_diagn .............. 4.344
opt_pol ................ 986.1
  inputs ................. 0.003607
  loss_kl ................ 92.35
  optimize ............... 801.6
  loss_after ............. 92.12
snapshot ............... 0.3997
opt_pol_0 .............. 75.6

Loop Iterations
---------------
Timer:      	'train'

Iter.	sample      	proc_samp   	log_diagn   	opt_pol     	snapshot    
-----	------		------		------		------		------	
0    	32.5		2.86		0.15		0		0.018	
1    	32.3		4.19		0.183		53.6		0.0212	
2    	36		4.34		0.19		53.3		0.0193	
3    	32.8		4.35		0.179		53.2		0.0194	
4    	31.8		4.29		0.172		52.7		0.0198	
5    	31.8		4.42		0.198		52.2		0.0213	
6    	30.8		4.23		0.199		52		0.0197	
7    	30.6		4.11		0.182		51.9		0.0203	
8    	30.3		4.08		0.216		51.9		0.0207	
9    	30.3		4.09		0.191		52.3		0.0209	
10   	30.4		4.03		0.302		51.5		0.0189	
11   	29.8		4		0.24		51.1		0.0209	
12   	29.8		3.85		0.204		51.2		0.0205	
13   	30		3.83		0.233		51.2		0.019	
14   	29.9		3.83		0.205		51.4		0.0192	
15   	29.9		3.8		0.214		51.1		0.0213	
16   	29.8		3.79		0.306		51.8		0.0183	
17   	29.7		3.65		0.312		51.3		0.0204	
18   	29.8		3.79		0.299		50.9		0.0221	
19   	29.7		3.69		0.167		51.3		0.0183	

Timer:      	'run_collect'
Parent Timer:	'obtain_samples'
Stamp Lineage:	('sample')-->('sample_paths')

Iter.	init_mgr    	collect     	get         
-----	------		------		------	
0    	0.0628		24.7		7.67	
1    	0.0738		24.9		7.16	
2    	0.0818		25		10.7	
3    	0.0817		25.1		7.42	
4    	0.0806		25.5		5.96	
5    	0.0868		25.5		5.94	
6    	0.0844		25.3		5.19	
7    	0.0868		25.5		4.83	
8    	0.0879		25.4		4.57	
9    	0.0896		25.6		4.33	
10   	0.0915		26		4.08	
11   	0.0908		25.6		3.82	
12   	0.0923		25.6		3.82	
13   	0.0871		25.9		3.71	
14   	0.0919		25.9		3.67	
15   	0.0891		25.9		3.6	
16   	0.0922		26		3.44	
17   	0.0908		25.9		3.46	
18   	0.0908		26		3.42	
19   	0.0924		26		3.34	

Timer:      	'opt_pol'
Parent Timer:	'train'
Stamp Lineage:	('opt_pol')

Iter.	inputs      	loss_kl     	optimize    	loss_after  
-----	------		------		------		------	
0    	0.00016		5.05		43.5		5.04	
1    	0.00015		5.01		43.3		5.02	
2    	0.00015		4.97		43.3		4.97	
3    	0.00018		5.05		42.7		4.93	
4    	0.00015		4.9		42.4		4.9	
5    	0.00015		4.85		42.2		4.87	
6    	0.00016		4.86		42.2		4.85	
7    	0.00021		4.88		42.2		4.82	
8    	0.00015		4.96		42.5		4.82	
9    	0.00015		4.81		41.9		4.81	
10   	0.00021		4.79		41.5		4.81	
11   	0.00016		4.79		41.6		4.78	
12   	0.00017		4.77		41.7		4.78	
13   	0.00028		4.79		41.8		4.79	
14   	0.00016		4.76		41.5		4.78	
15   	0.00016		4.77		42.2		4.8	
16   	0.00016		4.77		41.7		4.8	
17   	0.00016		4.75		41.4		4.79	
18   	0.00051		4.81		41.7		4.78	

---End Report---



		Number of Samplers: 24


---Timer Report---
Timer:      	'train'
Total:      	1511.2
Stamps Sum: 	1511
Self:       	0.020352
Self Agg.:  	0.04327
Calls:      	151
Calls Agg.: 	718
Grabs Agg.: 	79

Intervals
---------
init ................... 2.278
sample ................. 438.8
  get_params ............. 0.0105
  sample_paths ........... 438.8
    init_mgr ............... 1.696
    collect ................ 338.6
    get .................... 93.56
proc_samp .............. 79.94
log_diagn .............. 3.99
opt_pol ................ 913.5
  inputs ................. 0.004072
  loss_kl ................ 83.47
  optimize ............... 746.5
  loss_after ............. 83.46
snapshot ............... 0.4419
opt_pol_0 .............. 72.08

Loop Iterations
---------------
Timer:      	'train'

Iter.	sample      	proc_samp   	log_diagn   	opt_pol     	snapshot    
-----	------		------		------		------		------	
0    	24		2.83		0.0876		0		0.0195	
1    	23.5		4.1		0.159		49.2		0.0251	
2    	23.3		4.21		0.162		49.2		0.021	
3    	22.8		4.33		0.155		48.9		0.0266	
4    	22.6		4.44		0.154		48.7		0.0201	
5    	22.3		4.24		0.156		48.2		0.0202	
6    	22.1		4.26		0.155		48.1		0.0222	
7    	21.8		4.16		0.152		47.9		0.024	
8    	22.1		4.23		0.203		48		0.0214	
9    	21.6		4.01		0.277		47.8		0.0241	
10   	21.5		4.16		0.155		47.9		0.0195	
11   	21.4		3.94		0.15		48		0.024	
12   	21.3		4.02		0.237		47.8		0.0221	
13   	21.2		3.88		0.29		47.6		0.0206	
14   	21.2		3.91		0.299		48		0.0201	
15   	21.1		3.84		0.284		47.5		0.0199	
16   	21.4		3.88		0.149		47.7		0.0212	
17   	20.9		3.84		0.281		47.8		0.023	
18   	21.6		3.83		0.198		47.5		0.023	
19   	21.1		3.83		0.285		47.6		0.0244	

Timer:      	'run_collect'
Parent Timer:	'obtain_samples'
Stamp Lineage:	('sample')-->('sample_paths')

Iter.	init_mgr    	collect     	get         
-----	------		------		------	
0    	0.0652		16.3		7.48	
1    	0.0729		16.5		6.85	
2    	0.0786		16.6		6.41	
3    	0.0805		16.5		6.07	
4    	0.0826		16.7		5.63	
5    	0.0868		16.8		5.22	
6    	0.0829		16.8		4.99	
7    	0.0875		16.7		4.79	
8    	0.0869		17.2		4.59	
9    	0.0868		17		4.27	
10   	0.0902		16.9		4.24	
11   	0.0925		16.9		4.05	
12   	0.0844		17.1		3.87	
13   	0.0865		17		3.8	
14   	0.0868		17.2		3.71	
15   	0.0901		17.2		3.59	
16   	0.0874		17.4		3.59	
17   	0.0902		17.1		3.5	
18   	0.0903		17.8		3.44	
19   	0.0873		17.2		3.47	

Timer:      	'opt_pol'
Parent Timer:	'train'
Stamp Lineage:	('opt_pol')

Iter.	inputs      	loss_kl     	optimize    	loss_after  
-----	------		------		------		------	
0    	0.00023		4.53		40.1		4.55	
1    	0.00022		4.5		40.3		4.47	
2    	0.00029		4.47		39.9		4.47	
3    	0.00024		4.48		39.8		4.45	
4    	0.00018		4.41		39.3		4.44	
5    	0.00025		4.41		39.3		4.42	
6    	0.00024		4.41		39.1		4.4	
7    	0.00016		4.45		39.2		4.36	
8    	0.00015		4.37		39.1		4.35	
9    	0.00019		4.36		39.2		4.35	
10   	0.00054		4.35		39.3		4.35	
11   	0.00017		4.35		39		4.44	
12   	0.00016		4.34		38.9		4.34	
13   	0.00017		4.33		39.3		4.42	
14   	0.00016		4.33		38.9		4.34	
15   	0.00018		4.32		39		4.33	
16   	0.00016		4.4		39.1		4.32	
17   	0.00022		4.34		38.8		4.32	
18   	0.00015		4.33		38.9		4.34	

---End Report---



		Number of Samplers: 32


---Timer Report---
Timer:      	'train'
Total:      	1441.9
Stamps Sum: 	1441.7
Self:       	0.022955
Self Agg.:  	0.04465
Calls:      	151
Calls Agg.: 	718
Grabs Agg.: 	79

Intervals
---------
init ................... 2.312
sample ................. 360
  get_params ............. 0.009988
  sample_paths ........... 360
    init_mgr ............... 1.703
    collect ................ 257.1
    get .................... 95.72
proc_samp .............. 81.26
log_diagn .............. 4.244
opt_pol ................ 920.6
  inputs ................. 0.00373
  loss_kl ................ 84.3
  optimize ............... 751.9
  loss_after ............. 84.38
snapshot ............... 0.4521
opt_pol_0 .............. 72.79

Loop Iterations
---------------
Timer:      	'train'

Iter.	sample      	proc_samp   	log_diagn   	opt_pol     	snapshot    
-----	------		------		------		------		------	
0    	20.8		2.91		0.0896		0		0.0215	
1    	19.8		4.26		0.175		49.9		0.0202	
2    	19.5		4.44		0.184		49.4		0.0237	
3    	19.6		4.28		0.167		49.4		0.0243	
4    	18.6		4.42		0.17		49.1		0.0188	
5    	18.4		4.48		0.168		48.8		0.0193	
6    	18.1		4.26		0.177		48.6		0.0254	
7    	18		4.22		0.156		48.4		0.0181	
8    	18		4.26		0.207		48.3		0.0186	
9    	17.4		4.21		0.168		48.1		0.0246	
10   	17.6		4.12		0.151		47.9		0.0244	
11   	17.2		4.04		0.179		47.9		0.0198	
12   	17.7		4.06		0.227		48.1		0.0204	
13   	17		3.93		0.312		48.1		0.0236	
14   	17.3		3.91		0.237		48		0.0246	
15   	17.1		3.94		0.3		48		0.0207	
16   	17		3.92		0.315		48		0.0202	
17   	17		3.91		0.298		48.2		0.0192	
18   	16.8		3.87		0.327		48.1		0.0293	
19   	17		3.84		0.237		48.4		0.0354	

Timer:      	'run_collect'
Parent Timer:	'obtain_samples'
Stamp Lineage:	('sample')-->('sample_paths')

Iter.	init_mgr    	collect     	get         
-----	------		------		------	
0    	0.0657		12.5		8.04	
1    	0.0716		12.4		7.18	
2    	0.0823		12.4		6.79	
3    	0.0835		12.8		6.39	
4    	0.0835		12.4		5.92	
5    	0.0817		12.5		5.56	
6    	0.0809		12.6		5.13	
7    	0.0831		12.8		4.82	
8    	0.0832		13		4.59	
9    	0.0879		12.7		4.34	
10   	0.0891		13.1		4.1	
11   	0.0901		12.8		4.02	
12   	0.0855		13.4		3.9	
13   	0.087		13		3.63	
14   	0.0922		13.2		3.72	
15   	0.0934		13.1		3.63	
16   	0.0889		13.1		3.53	
17   	0.0918		13.1		3.52	
18   	0.0914		13		3.47	
19   	0.0902		13.2		3.44	

Timer:      	'opt_pol'
Parent Timer:	'train'
Stamp Lineage:	('opt_pol')

Iter.	inputs      	loss_kl     	optimize    	loss_after  
-----	------		------		------		------	
0    	0.00018		4.59		40.7		4.57	
1    	0.00023		4.55		40.3		4.55	
2    	0.00018		4.51		40.3		4.53	
3    	0.00019		4.52		40.1		4.51	
4    	0.00018		4.51		39.8		4.48	
5    	0.00017		4.45		39.7		4.44	
6    	0.00018		4.47		39.5		4.44	
7    	0.00017		4.37		39.5		4.46	
8    	0.00018		4.4		39.3		4.39	
9    	0.00056		4.43		39.1		4.38	
10   	0.00017		4.38		39.1		4.41	
11   	0.00018		4.41		39.3		4.39	
12   	0.00015		4.39		39.3		4.39	
13   	0.00023		4.38		39.2		4.36	
14   	0.00016		4.4		39.2		4.4	
15   	0.00015		4.38		39.2		4.39	
16   	0.00017		4.39		39.5		4.37	
17   	0.00015		4.39		39.3		4.45	
18   	0.00016		4.37		39.6		4.5	

---End Report---



		Number of Samplers: 48


---Timer Report---
Timer:      	'train'
Total:      	1372.3
Stamps Sum: 	1372
Self:       	0.020848
Self Agg.:  	0.042418
Calls:      	151
Calls Agg.: 	718
Grabs Agg.: 	79

Intervals
---------
init ................... 2.517
sample ................. 276.6
  get_params ............. 0.01128
  sample_paths ........... 276.5
    init_mgr ............... 1.721
    collect ................ 178.9
    get .................... 89.25
proc_samp .............. 79.08
log_diagn .............. 3.439
opt_pol ................ 936.9
  inputs ................. 0.003433
  loss_kl ................ 85.89
  optimize ............... 764.9
  loss_after ............. 86.08
snapshot ............... 0.4836
opt_pol_0 .............. 73.05

Loop Iterations
---------------
Timer:      	'train'

Iter.	sample      	proc_samp   	log_diagn   	opt_pol     	snapshot    
-----	------		------		------		------		------	
0    	16.5		2.73		0.0875		0		0.0223	
1    	16		4.31		0.174		49.7		0.025	
2    	14.9		4.55		0.171		49.5		0.0217	
3    	14.4		4.54		0.18		49.4		0.0229	
4    	14.7		4.57		0.171		49.4		0.0217	
5    	14.7		4.49		0.163		49.8		0.0246	
6    	13.6		4.4		0.155		49.4		0.0267	
7    	13.7		4.22		0.157		49.3		0.0221	
8    	13.7		4		0.183		49		0.0199	
9    	13.5		3.82		0.161		49		0.0351	
10   	13.2		3.9		0.198		49.1		0.0237	
11   	13		3.78		0.159		48.9		0.0214	
12   	13.1		3.78		0.157		49.2		0.0253	
13   	12.8		3.78		0.186		49.1		0.0233	
14   	12.9		3.68		0.181		49.5		0.0263	
15   	12.8		3.7		0.204		49		0.0253	
16   	13.4		3.76		0.15		49.3		0.0248	
17   	13.4		3.7		0.205		49.4		0.0255	
18   	12.9		3.67		0.184		49.2		0.0209	
19   	13.3		3.69		0.214		49.5		0.025	

Timer:      	'run_collect'
Parent Timer:	'obtain_samples'
Stamp Lineage:	('sample')-->('sample_paths')

Iter.	init_mgr    	collect     	get         
-----	------		------		------	
0    	0.0625		8.72		7.52	
1    	0.0722		9.38		6.29	
2    	0.0844		8.74		5.74	
3    	0.0839		8.53		5.47	
4    	0.0893		9.03		5.19	
5    	0.0853		9.36		4.94	
6    	0.0857		8.61		4.58	
7    	0.089		8.81		4.41	
8    	0.0852		8.92		4.33	
9    	0.0831		8.91		4.17	
10   	0.083		8.71		4.03	
11   	0.0877		8.69		3.87	
12   	0.0882		8.91		3.79	
13   	0.0891		8.69		3.69	
14   	0.0886		8.81		3.62	
15   	0.0883		8.8		3.58	
16   	0.0994		9.42		3.56	
17   	0.0907		9.52		3.46	
18   	0.0906		8.91		3.53	
19   	0.0948		9.41		3.45	

Timer:      	'opt_pol'
Parent Timer:	'train'
Stamp Lineage:	('opt_pol')

Iter.	inputs      	loss_kl     	optimize    	loss_after  
-----	------		------		------		------	
0    	0.00018		4.58		40.6		4.58	
1    	0.00019		4.56		40.4		4.54	
2    	0.00017		4.52		40.4		4.53	
3    	0.00017		4.55		40.4		4.51	
4    	0.00017		4.64		40.6		4.53	
5    	0.00018		4.53		40.3		4.53	
6    	0.00018		4.51		40.3		4.49	
7    	0.00017		4.47		40		4.49	
8    	0.00017		4.53		39.9		4.6	
9    	0.00017		4.5		40.1		4.5	
10   	0.00018		4.49		40		4.48	
11   	0.00017		4.5		40.2		4.52	
12   	0.00018		4.5		40.1		4.5	
13   	0.00017		4.49		40.4		4.6	
14   	0.00018		4.49		40		4.49	
15   	0.00017		4.49		40.3		4.49	
16   	0.00018		4.55		40.3		4.54	
17   	0.00028		4.47		40.1		4.6	
18   	0.00017		4.52		40.5		4.54	

---End Report---



		Number of Samplers: 64


---Timer Report---
Timer:      	'train'
Total:      	1360.8
Stamps Sum: 	1360.5
Self:       	0.019998
Self Agg.:  	0.041755
Calls:      	151
Calls Agg.: 	718
Grabs Agg.: 	79

Intervals
---------
init ................... 2.782
sample ................. 256.4
  get_params ............. 0.01042
  sample_paths ........... 256.4
    init_mgr ............... 1.748
    collect ................ 144.1
    get .................... 102.8
proc_samp .............. 78.69
log_diagn .............. 3.44
opt_pol ................ 944.3
  inputs ................. 0.003849
  loss_kl ................ 86.41
  optimize ............... 771.3
  loss_after ............. 86.59
snapshot ............... 0.4401
opt_pol_0 .............. 74.44

Loop Iterations
---------------
Timer:      	'train'

Iter.	sample      	proc_samp   	log_diagn   	opt_pol     	snapshot    
-----	------		------		------		------		------	
0    	16.1		2.93		0.0926		0		0.0194	
1    	16.4		4.1		0.169		50.6		0.0217	
2    	15.4		4.3		0.181		50.3		0.0246	
3    	14.7		4.2		0.166		49.8		0.0192	
4    	14.6		4.19		0.177		49.5		0.0237	
5    	14.4		4.12		0.167		50.1		0.0217	
6    	12.9		4.16		0.176		49.3		0.0191	
7    	12.7		4.13		0.162		49.7		0.0196	
8    	12.4		4.03		0.167		49.4		0.0225	
9    	12.1		4		0.167		49.4		0.0241	
10   	13		4.03		0.164		49.3		0.0194	
11   	11.6		3.99		0.16		49.6		0.0245	
12   	11.5		3.86		0.159		49.8		0.0291	
13   	11.3		4		0.195		49.4		0.0235	
14   	11.3		3.88		0.158		49.6		0.02	
15   	12		3.81		0.237		49.8		0.0285	
16   	11.4		3.83		0.169		49.7		0.0219	
17   	10.8		3.77		0.167		49.5		0.0186	
18   	10.9		3.72		0.205		49.8		0.0198	
19   	10.9		3.66		0.203		49.6		0.0192	

Timer:      	'run_collect'
Parent Timer:	'obtain_samples'
Stamp Lineage:	('sample')-->('sample_paths')

Iter.	init_mgr    	collect     	get         
-----	------		------		------	
0    	0.0676		7.05		8.73	
1    	0.0728		8.65		7.38	
2    	0.0844		7.93		6.98	
3    	0.0829		7.58		6.68	
4    	0.0828		7.79		6.32	
5    	0.0893		7.87		6.04	
6    	0.0846		6.75		5.67	
7    	0.0863		6.79		5.37	
8    	0.09		6.81		5.11	
9    	0.0857		6.64		4.97	
10   	0.0925		7.97		4.5	
11   	0.0875		6.68		4.44	
12   	0.09		6.63		4.32	
13   	0.0919		6.68		4.12	
14   	0.0922		6.89		3.93	
15   	0.0903		7.69		3.82	
16   	0.0969		7.18		3.73	
17   	0.0926		6.73		3.62	
18   	0.094		6.91		3.54	
19   	0.0939		6.85		3.53	

Timer:      	'opt_pol'
Parent Timer:	'train'
Stamp Lineage:	('opt_pol')

Iter.	inputs      	loss_kl     	optimize    	loss_after  
-----	------		------		------		------	
0    	0.00018		4.62		41.3		4.67	
1    	0.00023		4.6		41.1		4.61	
2    	0.00016		4.64		40.6		4.59	
3    	0.00021		4.54		40.4		4.57	
4    	0.00022		4.62		40.9		4.57	
5    	0.00021		4.53		40.3		4.51	
6    	0.00016		4.53		40.6		4.55	
7    	0.00023		4.48		40.4		4.54	
8    	0.00016		4.51		40.3		4.53	
9    	0.00017		4.49		40.3		4.49	
10   	0.00016		4.53		40.5		4.53	
11   	0.00018		4.58		40.7		4.54	
12   	0.00021		4.53		40.4		4.54	
13   	0.00017		4.52		40.5		4.53	
14   	0.00016		4.55		40.6		4.69	
15   	0.00015		4.53		40.6		4.57	
16   	0.00017		4.53		40.4		4.53	
17   	0.00015		4.54		40.7		4.52	
18   	0.00059		4.54		40.6		4.54	

---End Report---



		MKL_NUM_THREADS: 2


---Timer Report---
Timer:      	'train'
Total:      	1521.5
Stamps Sum: 	1521.2
Self:       	0.021895
Self Agg.:  	0.045622
Calls:      	151
Calls Agg.: 	718
Grabs Agg.: 	79

Intervals
---------
init ................... 2.781
sample ................. 259.9
  get_params ............. 0.01297
  sample_paths ........... 259.8
    init_mgr ............... 1.699
    collect ................ 155.2
    get .................... 94.52
proc_samp .............. 105.3
log_diagn .............. 3.415
opt_pol ................ 1069
  inputs ................. 0.003818
  loss_kl ................ 89.52
  optimize ............... 889.9
  loss_after ............. 89.74
snapshot ............... 0.4576
opt_pol_0 .............. 80.22

Loop Iterations
---------------
Timer:      	'train'

Iter.	sample      	proc_samp   	log_diagn   	opt_pol     	snapshot    
-----	------		------		------		------		------	
0    	19.2		4.13		0.087		0		0.0204	
1    	16.3		5.52		0.183		56.3		0.0227	
2    	15		5.66		0.174		56.3		0.02	
3    	14.5		5.66		0.179		57		0.0213	
4    	13.6		5.64		0.176		56.2		0.0256	
5    	13.9		5.55		0.162		56.5		0.0247	
6    	13.6		5.49		0.175		56.2		0.0219	
7    	12.2		5.4		0.183		56.3		0.0259	
8    	12.1		5.37		0.174		56.2		0.0242	
9    	12.9		5.31		0.155		56.1		0.0249	
10   	11.7		5.21		0.166		56		0.0247	
11   	11.8		5.18		0.186		56.4		0.0218	
12   	11.6		5.16		0.183		56.1		0.0241	
13   	12.2		5.12		0.176		56.2		0.0214	
14   	11.7		5.1		0.184		56.3		0.0225	
15   	12		5.55		0.168		56.2		0.0213	
16   	11.4		5.32		0.184		56.5		0.0221	
17   	11.3		4.98		0.184		56.1		0.0228	
18   	11.6		4.98		0.181		55.9		0.0236	
19   	11.3		4.99		0.153		56.3		0.0216	

Timer:      	'run_collect'
Parent Timer:	'obtain_samples'
Stamp Lineage:	('sample')-->('sample_paths')

Iter.	init_mgr    	collect     	get         
-----	------		------		------	
0    	0.068		10.6		8.33	
1    	0.0693		9.14		6.82	
2    	0.0776		8.14		6.33	
3    	0.0799		8.05		6	
4    	0.0806		7.52		5.63	
5    	0.0853		8.13		5.21	
6    	0.0858		8.09		5	
7    	0.0855		6.97		4.72	
8    	0.0881		7.11		4.47	
9    	0.0906		7.98		4.35	
10   	0.0878		7.14		3.99	
11   	0.0869		7.2		4.02	
12   	0.085		7.2		3.87	
13   	0.0892		7.92		3.72	
14   	0.0933		7.4		3.79	
15   	0.0876		7.74		3.71	
16   	0.0873		7.19		3.72	
17   	0.09		7.18		3.58	
18   	0.0906		7.31		3.71	
19   	0.0906		7.24		3.55	

Timer:      	'opt_pol'
Parent Timer:	'train'
Stamp Lineage:	('opt_pol')

Iter.	inputs      	loss_kl     	optimize    	loss_after  
-----	------		------		------		------	
0    	0.00021		4.75		46.7		4.85	
1    	0.00018		4.76		46.8		4.76	
2    	0.00025		4.77		47.4		4.84	
3    	0.00016		4.73		46.8		4.72	
4    	0.0002		4.73		47.1		4.73	
5    	0.00018		4.7		46.8		4.71	
6    	0.00017		4.71		46.8		4.81	
7    	0.00019		4.73		46.7		4.72	
8    	0.00026		4.69		46.7		4.69	
9    	0.00019		4.67		46.6		4.69	
10   	0.00018		4.72		47		4.72	
11   	0.00018		4.7		46.7		4.69	
12   	0.00025		4.69		46.8		4.7	
13   	0.00021		4.69		46.9		4.7	
14   	0.0002		4.74		46.8		4.7	
15   	0.00017		4.73		47		4.7	
16   	0.00018		4.68		46.8		4.67	
17   	0.00021		4.66		46.6		4.67	
18   	0.00024		4.68		46.9		4.68	

---End Report---



		MKL_NUM_THREADS: 4


---Timer Report---
Timer:      	'train'
Total:      	1460.2
Stamps Sum: 	1460
Self:       	0.01953
Self Agg.:  	0.04247
Calls:      	151
Calls Agg.: 	718
Grabs Agg.: 	79

Intervals
---------
init ................... 2.622
sample ................. 251.6
  get_params ............. 0.01357
  sample_paths ........... 251.6
    init_mgr ............... 1.62
    collect ................ 156
    get .................... 86.07
proc_samp .............. 85.5
log_diagn .............. 3.322
opt_pol ................ 1038
  inputs ................. 0.00383
  loss_kl ................ 88.83
  optimize ............... 860.1
  loss_after ............. 89.06
snapshot ............... 0.39
opt_pol_0 .............. 78.47

Loop Iterations
---------------
Timer:      	'train'

Iter.	sample      	proc_samp   	log_diagn   	opt_pol     	snapshot    
-----	------		------		------		------		------	
0    	18.2		3.31		0.0827		0		0.0175	
1    	15.6		4.83		0.185		54.3		0.0219	
2    	14.8		4.92		0.18		54.5		0.0189	
3    	14.6		4.86		0.185		54.8		0.0193	
4    	13		4.89		0.159		54.6		0.0186	
5    	12.2		4.68		0.162		54.1		0.0199	
6    	12		4.47		0.157		54.7		0.0191	
7    	12.1		4.31		0.177		54.6		0.0193	
8    	11.7		4.31		0.156		54.6		0.0188	
9    	12.7		4.2		0.174		54.4		0.0196	
10   	12.1		4.18		0.174		54.6		0.0195	
11   	11.3		4.05		0.172		54.2		0.0211	
12   	11.3		4.11		0.154		54.8		0.0201	
13   	11.3		4.07		0.172		54.9		0.0194	
14   	11.6		4.09		0.159		54.5		0.0201	
15   	12.3		4.02		0.173		55		0.0201	
16   	11.3		4.09		0.178		55.3		0.0195	
17   	11.3		4.05		0.192		54.5		0.0198	
18   	11.2		4.05		0.158		54.7		0.0192	
19   	11.2		3.99		0.173		54.9		0.0182	

Timer:      	'run_collect'
Parent Timer:	'obtain_samples'
Stamp Lineage:	('sample')-->('sample_paths')

Iter.	init_mgr    	collect     	get         
-----	------		------		------	
0    	0.0625		10.3		7.62	
1    	0.0691		9.09		6.18	
2    	0.0749		8.53		5.76	
3    	0.0779		8.68		5.38	
4    	0.0828		7.52		4.95	
5    	0.0813		7.07		4.59	
6    	0.0789		7.1		4.34	
7    	0.0793		7.44		4.19	
8    	0.0808		7.22		4.03	
9    	0.0816		8.29		3.89	
10   	0.0856		7.84		3.77	
11   	0.0807		7.18		3.62	
12   	0.0805		7.27		3.52	
13   	0.0844		7.18		3.58	
14   	0.082		7.59		3.54	
15   	0.0872		8.32		3.48	
16   	0.0874		7.28		3.49	
17   	0.0876		7.42		3.39	
18   	0.0884		7.39		3.34	
19   	0.0875		7.28		3.41	

Timer:      	'opt_pol'
Parent Timer:	'train'
Stamp Lineage:	('opt_pol')

Iter.	inputs      	loss_kl     	optimize    	loss_after  
-----	------		------		------		------	
0    	0.0002		4.68		44.9		4.7	
1    	0.0002		4.67		45.1		4.69	
2    	0.00021		4.72		45.4		4.71	
3    	0.00022		4.71		45.1		4.72	
4    	0.0002		4.66		44.7		4.67	
5    	0.0002		4.69		45.3		4.69	
6    	0.00017		4.67		45.2		4.71	
7    	0.00021		4.68		45.3		4.66	
8    	0.00016		4.66		45.1		4.67	
9    	0.00022		4.67		45.3		4.71	
10   	0.00017		4.65		44.9		4.65	
11   	0.00024		4.71		45.4		4.69	
12   	0.00019		4.68		45.5		4.7	
13   	0.00026		4.65		45.2		4.67	
14   	0.0002		4.71		45.6		4.71	
15   	0.0002		4.65		46		4.65	
16   	0.00019		4.63		45.2		4.66	
17   	0.00019		4.66		45.4		4.67	
18   	0.00021		4.67		45.5		4.71	

---End Report---



		MKL_NUM_THREADS: 8


---Timer Report---
Timer:      	'train'
Total:      	1494.4
Stamps Sum: 	1494.1
Self:       	0.018839
Self Agg.:  	0.041227
Calls:      	151
Calls Agg.: 	718
Grabs Agg.: 	79

Intervals
---------
init ................... 2.608
sample ................. 266.9
  get_params ............. 0.01248
  sample_paths ........... 266.9
    init_mgr ............... 1.718
    collect ................ 171.4
    get .................... 85.34
proc_samp .............. 85.69
log_diagn .............. 3.497
opt_pol ................ 1057
  inputs ................. 0.004368
  loss_kl ................ 91.06
  optimize ............... 874.4
  loss_after ............. 91.25
snapshot ............... 0.3936
opt_pol_0 .............. 78.33

Loop Iterations
---------------
Timer:      	'train'

Iter.	sample      	proc_samp   	log_diagn   	opt_pol     	snapshot    
-----	------		------		------		------		------	
0    	20.1		3.15		0.0811		0		0.0182	
1    	17.9		4.53		0.18		54.6		0.0207	
2    	16.4		4.76		0.181		55.3		0.0205	
3    	15.5		4.64		0.2		54.8		0.0181	
4    	15		4.6		0.157		54.6		0.0191	
5    	12.4		4.54		0.158		55.4		0.0213	
6    	13.2		4.48		0.173		54.8		0.0207	
7    	12.1		4.46		0.198		55.9		0.0192	
8    	12.8		4.39		0.155		55.8		0.0192	
9    	12.1		4.29		0.172		55.7		0.0187	
10   	12.1		4.28		0.156		55.9		0.02	
11   	12.5		4.25		0.198		56		0.0193	
12   	11.6		4.23		0.179		56.1		0.0192	
13   	11.7		4.21		0.199		56		0.0192	
14   	12.5		4.17		0.153		55.8		0.0199	
15   	12.4		4.16		0.199		55.7		0.0205	
16   	11.6		4.15		0.179		56.2		0.0185	
17   	11.4		4.17		0.199		56.1		0.0211	
18   	12.1		4.12		0.18		56		0.021	
19   	11.6		4.14		0.201		56.1		0.0193	

Timer:      	'run_collect'
Parent Timer:	'obtain_samples'
Stamp Lineage:	('sample')-->('sample_paths')

Iter.	init_mgr    	collect     	get         
-----	------		------		------	
0    	0.0643		12.3		7.44	
1    	0.0721		11.7		5.8	
2    	0.0808		10.3		5.55	
3    	0.0831		9.86		5.07	
4    	0.0844		9.73		4.73	
5    	0.0865		7.2		4.65	
6    	0.0833		8.44		4.27	
7    	0.0846		7.28		4.27	
8    	0.0851		8.2		4.06	
9    	0.0883		7.62		3.94	
10   	0.0898		7.8		3.76	
11   	0.0877		8.31		3.71	
12   	0.0874		7.45		3.6	
13   	0.0888		7.5		3.69	
14   	0.0913		8.46		3.53	
15   	0.0937		8.41		3.43	
16   	0.0911		7.49		3.55	
17   	0.0918		7.5		3.41	
18   	0.092		8.11		3.44	
19   	0.0922		7.67		3.44	

Timer:      	'opt_pol'
Parent Timer:	'train'
Stamp Lineage:	('opt_pol')

Iter.	inputs      	loss_kl     	optimize    	loss_after  
-----	------		------		------		------	
0    	0.00029		4.74		45.1		4.74	
1    	0.00019		4.78		45.7		4.81	
2    	0.00022		4.74		45.3		4.74	
3    	0.0002		4.71		45.1		4.73	
4    	0.00025		4.78		45.8		4.79	
5    	0.00022		4.71		45.3		4.75	
6    	0.00022		4.81		46.2		4.84	
7    	0.00026		4.8		46.2		4.81	
8    	0.00023		4.8		46.1		4.8	
9    	0.00024		4.81		46.2		4.83	
10   	0.00026		4.85		46.3		4.83	
11   	0.00022		4.84		46.4		4.84	
12   	0.00022		4.83		46.3		4.82	
13   	0.00025		4.78		46.3		4.81	
14   	0.00022		4.79		46.1		4.81	
15   	0.00023		4.86		46.5		4.84	
16   	0.00022		4.8		46.5		4.8	
17   	0.00022		4.81		46.3		4.86	
18   	0.00021		4.81		46.5		4.81	

---End Report---



		MKL_NUM_THREADS: 12


---Timer Report---
Timer:      	'train'
Total:      	1480.6
Stamps Sum: 	1480.3
Self:       	0.020951
Self Agg.:  	0.043987
Calls:      	151
Calls Agg.: 	718
Grabs Agg.: 	79

Intervals
---------
init ................... 2.63
sample ................. 322.5
  get_params ............. 0.01156
  sample_paths ........... 322.5
    init_mgr ............... 1.753
    collect ................ 207.3
    get .................... 104.9
proc_samp .............. 83.39
log_diagn .............. 3.499
opt_pol ................ 990.8
  inputs ................. 0.004196
  loss_kl ................ 88.39
  optimize ............... 813.8
  loss_after ............. 88.6
snapshot ............... 0.3844
opt_pol_0 .............. 77.08

Loop Iterations
---------------
Timer:      	'train'

Iter.	sample      	proc_samp   	log_diagn   	opt_pol     	snapshot    
-----	------		------		------		------		------	
0    	24.2		3.08		0.0898		0		0.0171	
1    	22.2		4.83		0.192		52.9		0.019	
2    	20.9		4.8		0.182		52.7		0.0204	
3    	19.9		4.94		0.212		52.7		0.0187	
4    	20		4.78		0.196		52.4		0.018	
5    	19		4.63		0.185		52.1		0.0212	
6    	17.5		4.5		0.167		52		0.0189	
7    	16.9		4.32		0.2		51.6		0.0217	
8    	16.2		4.21		0.161		51.4		0.0202	
9    	14.4		4.08		0.184		51.5		0.018	
10   	15.7		4.11		0.163		51.4		0.0188	
11   	15.5		4.05		0.179		52		0.0185	
12   	14.3		4.01		0.155		51.4		0.0176	
13   	12.2		3.92		0.191		52		0.0194	
14   	12.7		3.96		0.168		52.5		0.0187	
15   	12.1		3.89		0.189		52.6		0.0213	
16   	12.2		3.87		0.164		52.4		0.0197	
17   	12.9		3.76		0.178		52.5		0.0184	
18   	11.8		3.86		0.169		52.4		0.0203	
19   	12.1		3.8		0.177		52.4		0.0185	

Timer:      	'run_collect'
Parent Timer:	'obtain_samples'
Stamp Lineage:	('sample')-->('sample_paths')

Iter.	init_mgr    	collect     	get         
-----	------		------		------	
0    	0.0664		15.1		8.79	
1    	0.0723		14.5		7.38	
2    	0.0845		13.3		7.13	
3    	0.0858		12.6		6.71	
4    	0.0889		13.1		6.37	
5    	0.0898		12.3		6.14	
6    	0.0882		11.3		5.62	
7    	0.087		11		5.36	
8    	0.0889		10.4		5.26	
9    	0.0902		8.78		5.08	
10   	0.0836		10.4		4.72	
11   	0.0912		10.3		4.67	
12   	0.0883		9.33		4.41	
13   	0.0911		7.42		4.29	
14   	0.0902		7.9		4.24	
15   	0.0957		7.65		3.9	
16   	0.0886		7.8		3.88	
17   	0.0993		8.55		3.78	
18   	0.0871		7.55		3.68	
19   	0.0955		8.05		3.52	

Timer:      	'opt_pol'
Parent Timer:	'train'
Stamp Lineage:	('opt_pol')

Iter.	inputs      	loss_kl     	optimize    	loss_after  
-----	------		------		------		------	
0    	0.00027		4.75		43.4		4.76	
1    	0.00019		4.74		43.2		4.74	
2    	0.0002		4.69		43.3		4.71	
3    	0.00016		4.69		43		4.71	
4    	0.00021		4.68		42.8		4.69	
5    	0.00028		4.67		42.6		4.67	
6    	0.00017		4.63		42.3		4.62	
7    	0.0002		4.6		42.2		4.62	
8    	0.00017		4.59		42.2		4.63	
9    	0.00026		4.59		42.2		4.63	
10   	0.00023		4.63		42.7		4.65	
11   	0.0003		4.57		42.2		4.58	
12   	0.00015		4.62		42.7		4.64	
13   	0.00027		4.67		43.2		4.67	
14   	0.00017		4.65		43.2		4.67	
15   	0.00023		4.67		43.1		4.65	
16   	0.00028		4.65		43.2		4.66	
17   	0.00024		4.63		43.1		4.66	
18   	0.00021		4.66		43.1		4.65	

---End Report---



		MKL_NUM_THREADS: 16


---Timer Report---
Timer:      	'train'
Total:      	1433.4
Stamps Sum: 	1433.1
Self:       	0.020553
Self Agg.:  	0.041406
Calls:      	151
Calls Agg.: 	718
Grabs Agg.: 	79

Intervals
---------
init ................... 2.705
sample ................. 277.1
  get_params ............. 0.01174
  sample_paths ........... 277
    init_mgr ............... 1.761
    collect ................ 181.9
    get .................... 85
proc_samp .............. 86.23
log_diagn .............. 3.753
opt_pol ................ 987.3
  inputs ................. 0.004086
  loss_kl ................ 88.34
  optimize ............... 810.5
  loss_after ............. 88.44
snapshot ............... 0.4109
opt_pol_0 .............. 75.67

Loop Iterations
---------------
Timer:      	'train'

Iter.	sample      	proc_samp   	log_diagn   	opt_pol     	snapshot    
-----	------		------		------		------		------	
0    	22		3.05		0.0829		0		0.0184	
1    	19		4.8		0.172		51.4		0.0197	
2    	17.6		4.88		0.197		51.5		0.0192	
3    	16.1		4.84		0.185		51.1		0.0219	
4    	13		4.77		0.2		51.6		0.0206	
5    	15		5.05		0.172		52.4		0.0202	
6    	13.8		4.53		0.156		51.8		0.0195	
7    	13.5		4.51		0.174		51.7		0.0212	
8    	13.2		4.3		0.208		51.8		0.0216	
9    	12.1		4.22		0.204		51.8		0.0189	
10   	11.9		4.24		0.192		52.2		0.0213	
11   	12.4		4.16		0.208		52.3		0.0225	
12   	13		4.22		0.204		52.3		0.0194	
13   	11.8		4.13		0.19		52.1		0.0198	
14   	12		4.28		0.2		52.2		0.0192	
15   	13.1		4.08		0.228		52.1		0.0202	
16   	12.5		4.05		0.204		52.3		0.0224	
17   	11.8		4.03		0.195		52.3		0.0224	
18   	11.7		4.07		0.191		52.3		0.0189	
19   	11.7		4.04		0.191		52.3		0.0235	

Timer:      	'run_collect'
Parent Timer:	'obtain_samples'
Stamp Lineage:	('sample')-->('sample_paths')

Iter.	init_mgr    	collect     	get         
-----	------		------		------	
0    	0.0613		13.8		7.85	
1    	0.0733		12.4		6.24	
2    	0.0803		11.4		5.71	
3    	0.0839		10.2		5.31	
4    	0.0852		7.51		4.98	
5    	0.0909		9.88		4.54	
6    	0.0901		9.03		4.23	
7    	0.0905		8.89		4.09	
8    	0.0899		8.75		3.87	
9    	0.0907		7.83		3.74	
10   	0.0918		7.7		3.67	
11   	0.0917		8.32		3.59	
12   	0.0903		8.95		3.49	
13   	0.0911		7.8		3.43	
14   	0.0924		8.04		3.45	
15   	0.0978		9.14		3.39	
16   	0.0914		8.64		3.35	
17   	0.0945		7.92		3.39	
18   	0.0926		7.82		3.32	
19   	0.0915		7.79		3.36	

Timer:      	'opt_pol'
Parent Timer:	'train'
Stamp Lineage:	('opt_pol')

Iter.	inputs      	loss_kl     	optimize    	loss_after  
-----	------		------		------		------	
0    	0.0002		4.66		42.1		4.65	
1    	0.00018		4.66		42.2		4.66	
2    	0.00031		4.59		41.9		4.61	
3    	0.00019		4.65		42.3		4.66	
4    	0.00019		4.72		43		4.65	
5    	0.00021		4.65		42.5		4.65	
6    	0.00026		4.68		42.4		4.64	
7    	0.00017		4.64		42.5		4.64	
8    	0.00018		4.62		42.5		4.62	
9    	0.0003		4.64		42.9		4.69	
10   	0.00017		4.64		43		4.65	
11   	0.00025		4.64		43		4.66	
12   	0.00017		4.65		42.8		4.66	
13   	0.00018		4.65		42.9		4.66	
14   	0.00025		4.63		42.8		4.66	
15   	0.00025		4.65		43		4.65	
16   	0.00025		4.65		42.9		4.67	
17   	0.00019		4.67		43		4.68	
18   	0.00017		4.65		42.9		4.68	

---End Report---



		MKL_NUM_THREADS: 24


---Timer Report---
Timer:      	'train'
Total:      	1436.9
Stamps Sum: 	1436.6
Self:       	0.019874
Self Agg.:  	0.041955
Calls:      	151
Calls Agg.: 	718
Grabs Agg.: 	79

Intervals
---------
init ................... 2.824
sample ................. 312.3
  get_params ............. 0.01431
  sample_paths ........... 312.3
    init_mgr ............... 1.685
    collect ................ 201.9
    get .................... 100.5
proc_samp .............. 81.19
log_diagn .............. 3.391
opt_pol ................ 961.5
  inputs ................. 0.00396
  loss_kl ................ 87.38
  optimize ............... 786.4
  loss_after ............. 87.67
snapshot ............... 0.3963
opt_pol_0 .............. 75

Loop Iterations
---------------
Timer:      	'train'

Iter.	sample      	proc_samp   	log_diagn   	opt_pol     	snapshot    
-----	------		------		------		------		------	
0    	23.5		2.89		0.0878		0		0.0185	
1    	20.8		4.58		0.172		51.2		0.0201	
2    	19.9		4.7		0.189		50.8		0.0192	
3    	19.5		4.61		0.215		50.7		0.0197	
4    	18.5		4.68		0.185		50.5		0.0193	
5    	17.4		4.69		0.197		52		0.0192	
6    	16.7		4.58		0.18		50.3		0.0199	
7    	15.8		4.33		0.162		50.2		0.0194	
8    	15.9		4.15		0.157		50.1		0.0193	
9    	15		3.99		0.164		49.9		0.0203	
10   	14.3		3.96		0.165		49.9		0.0183	
11   	14.2		3.86		0.176		50.3		0.0204	
12   	14.1		3.84		0.163		50.5		0.0198	
13   	12.7		3.87		0.185		50.5		0.0202	
14   	13.1		3.8		0.156		50.7		0.0219	
15   	12.6		3.75		0.184		50.6		0.0203	
16   	12.9		3.75		0.157		50.8		0.0209	
17   	11.8		3.68		0.16		51.2		0.0192	
18   	11.8		3.72		0.171		50.5		0.0202	
19   	11.9		3.75		0.163		50.8		0.0202	

Timer:      	'run_collect'
Parent Timer:	'obtain_samples'
Stamp Lineage:	('sample')-->('sample_paths')

Iter.	init_mgr    	collect     	get         
-----	------		------		------	
0    	0.0613		14.7		8.48	
1    	0.0713		13.4		7.07	
2    	0.078		12.7		6.73	
3    	0.082		12.6		6.43	
4    	0.0849		11.9		6.11	
5    	0.0869		11.1		5.82	
6    	0.0829		10.8		5.36	
7    	0.0856		10.1		5.11	
8    	0.0845		10.5		4.93	
9    	0.0882		9.81		4.61	
10   	0.083		9.31		4.5	
11   	0.0874		9.47		4.22	
12   	0.0886		9.43		4.14	
13   	0.0852		8.04		4.15	
14   	0.086		8.63		3.93	
15   	0.0859		8.13		3.95	
16   	0.0879		8.64		3.8	
17   	0.0946		7.54		3.76	
18   	0.088		7.62		3.73	
19   	0.093		7.64		3.71	

Timer:      	'opt_pol'
Parent Timer:	'train'
Stamp Lineage:	('opt_pol')

Iter.	inputs      	loss_kl     	optimize    	loss_after  
-----	------		------		------		------	
0    	0.00017		4.68		41.8		4.68	
1    	0.00023		4.65		41.5		4.66	
2    	0.00015		4.62		41.4		4.64	
3    	0.00017		4.63		41.2		4.65	
4    	0.00016		4.69		42.5		4.84	
5    	0.00017		4.59		41.2		4.59	
6    	0.00018		4.57		41		4.57	
7    	0.00018		4.55		40.9		4.56	
8    	0.00017		4.54		40.8		4.55	
9    	0.00028		4.55		40.8		4.58	
10   	0.00021		4.57		41.2		4.56	
11   	0.00021		4.57		41.4		4.58	
12   	0.00028		4.59		41.3		4.59	
13   	0.00019		4.6		41.5		4.61	
14   	0.00031		4.59		41.4		4.6	
15   	0.00017		4.6		41.6		4.61	
16   	0.00016		4.59		42		4.59	
17   	0.00027		4.57		41.3		4.61	
18   	0.00028		4.62		41.6		4.61	

---End Report---



		MKL_NUM_THREADS: 32


---Timer Report---
Timer:      	'train'
Total:      	1465
Stamps Sum: 	1464.7
Self:       	0.018528
Self Agg.:  	0.040437
Calls:      	151
Calls Agg.: 	718
Grabs Agg.: 	79

Intervals
---------
init ................... 2.768
sample ................. 322.9
  get_params ............. 0.0147
  sample_paths ........... 322.9
    init_mgr ............... 1.824
    collect ................ 207.9
    get .................... 104.2
proc_samp .............. 90.04
log_diagn .............. 3.669
opt_pol ................ 969.7
  inputs ................. 0.003468
  loss_kl ................ 90.06
  optimize ............... 789.6
  loss_after ............. 90.07
snapshot ............... 0.4043
opt_pol_0 .............. 75.11

Loop Iterations
---------------
Timer:      	'train'

Iter.	sample      	proc_samp   	log_diagn   	opt_pol     	snapshot    
-----	------		------		------		------		------	
0    	23.1		2.97		0.0897		0		0.0176	
1    	20		4.39		0.169		51.4		0.0226	
2    	19.8		4.86		0.18		51.3		0.0198	
3    	18.9		4.66		0.162		51.3		0.0197	
4    	19.1		5.02		0.17		51.3		0.0229	
5    	18.2		4.61		0.176		51.3		0.0212	
6    	17.9		4.95		0.188		51		0.0225	
7    	17.5		4.63		0.167		50.8		0.0199	
8    	16.4		4.84		0.179		50.5		0.0217	
9    	16.1		4.55		0.157		50.4		0.0193	
10   	16.1		4.77		0.229		50.9		0.0196	
11   	15.6		4.43		0.162		50.6		0.0196	
12   	14.7		4.74		0.23		50.8		0.0184	
13   	12.4		4.33		0.168		51.1		0.0204	
14   	14.1		4.56		0.236		50.6		0.0187	
15   	13		4.41		0.173		51.1		0.0185	
16   	12.3		4.38		0.212		51.2		0.0211	
17   	12.2		4.24		0.192		51.1		0.0215	
18   	12.9		4.17		0.201		51.4		0.0198	
19   	12.4		4.54		0.229		51.7		0.0194	

Timer:      	'run_collect'
Parent Timer:	'obtain_samples'
Stamp Lineage:	('sample')-->('sample_paths')

Iter.	init_mgr    	collect     	get         
-----	------		------		------	
0    	0.0606		14.5		8.29	
1    	0.0676		12.9		6.83	
2    	0.0896		12.8		6.56	
3    	0.0885		12.1		6.26	
4    	0.0892		12.5		6.11	
5    	0.0914		11.6		6.07	
6    	0.0891		11.8		5.59	
7    	0.0941		11.5		5.45	
8    	0.0951		10.7		5.16	
9    	0.0932		10.5		5.07	
10   	0.103		10.7		4.92	
11   	0.0932		10.4		4.61	
12   	0.0952		9.69		4.47	
13   	0.0955		7.4		4.41	
14   	0.0966		9.22		4.26	
15   	0.0958		8.18		4.27	
16   	0.0953		7.62		4.08	
17   	0.0962		7.6		3.99	
18   	0.0983		8.49		3.85	
19   	0.0972		7.94		3.91	

Timer:      	'opt_pol'
Parent Timer:	'train'
Stamp Lineage:	('opt_pol')

Iter.	inputs      	loss_kl     	optimize    	loss_after  
-----	------		------		------		------	
0    	0.00019		4.81		41.7		4.81	
1    	0.00016		4.78		41.7		4.78	
2    	0.00019		4.77		41.7		4.77	
3    	0.00019		4.77		41.7		4.78	
4    	0.00018		4.76		41.8		4.74	
5    	0.00016		4.73		41.5		4.73	
6    	0.00016		4.71		41.3		4.73	
7    	0.00016		4.69		41.1		4.71	
8    	0.00021		4.73		41		4.71	
9    	0.00021		4.71		41.5		4.73	
10   	0.00018		4.72		41.2		4.7	
11   	0.00021		4.7		41.4		4.71	
12   	0.00017		4.73		41.6		4.75	
13   	0.00016		4.69		41.3		4.68	
14   	0.00016		4.77		41.6		4.73	
15   	0.00018		4.74		41.7		4.74	
16   	0.00027		4.73		41.7		4.71	
17   	0.00016		4.75		41.9		4.75	
18   	0.00017		4.76		42.2		4.8	

---End Report---



		MKL_NUM_THREADS: 48


---Timer Report---
Timer:      	'train'
Total:      	1521
Stamps Sum: 	1520.7
Self:       	0.019363
Self Agg.:  	0.040883
Calls:      	151
Calls Agg.: 	718
Grabs Agg.: 	79

Intervals
---------
init ................... 2.725
sample ................. 319.2
  get_params ............. 0.01398
  sample_paths ........... 319.2
    init_mgr ............... 1.796
    collect ................ 205.5
    get .................... 103.5
proc_samp .............. 86.93
log_diagn .............. 3.34
opt_pol ................ 1030
  inputs ................. 0.003492
  loss_kl ................ 97.03
  optimize ............... 836.3
  loss_after ............. 97.05
snapshot ............... 0.4388
opt_pol_0 .............. 77.7

Loop Iterations
---------------
Timer:      	'train'

Iter.	sample      	proc_samp   	log_diagn   	opt_pol     	snapshot    
-----	------		------		------		------		------	
0    	23.9		2.87		0.0898		0		0.0171	
1    	22.4		4.68		0.179		54.7		0.0203	
2    	20.5		4.68		0.182		54.5		0.0183	
3    	19.9		4.65		0.187		53.9		0.0183	
4    	18.9		4.8		0.178		53.8		0.0206	
5    	18.1		4.63		0.173		53.7		0.0187	
6    	17.1		4.82		0.17		53.7		0.0205	
7    	17		4.45		0.164		53.9		0.0189	
8    	16.1		4.46		0.156		53.7		0.0227	
9    	15.5		4.14		0.165		53.4		0.0202	
10   	12.9		4.48		0.155		54.6		0.033	
11   	14.8		4.28		0.161		53.7		0.0196	
12   	13.4		4.42		0.165		53.8		0.0193	
13   	12.8		4.2		0.174		53.8		0.0209	
14   	12.6		4.79		0.201		55.9		0.0325	
15   	12.8		4.14		0.171		54.2		0.0192	
16   	12.5		4.02		0.184		54.5		0.02	
17   	12.2		4.23		0.154		54.5		0.0218	
18   	13.2		4		0.17		55.7		0.0349	
19   	12.6		4.18		0.162		54.6		0.022	

Timer:      	'run_collect'
Parent Timer:	'obtain_samples'
Stamp Lineage:	('sample')-->('sample_paths')

Iter.	init_mgr    	collect     	get         
-----	------		------		------	
0    	0.0608		15		8.66	
1    	0.0784		14.7		7.34	
2    	0.0849		13		6.95	
3    	0.0889		12.7		6.65	
4    	0.0887		12.1		6.32	
5    	0.0942		11.5		6	
6    	0.0925		11.1		5.53	
7    	0.0899		11.2		5.3	
8    	0.086		10.5		5.04	
9    	0.0851		10.1		4.87	
10   	0.0907		7.9		4.52	
11   	0.0923		9.88		4.42	
12   	0.0943		8.47		4.35	
13   	0.0939		8.05		4.24	
14   	0.0967		7.84		4.18	
15   	0.0948		8.34		3.93	
16   	0.0948		8.04		3.93	
17   	0.0938		7.89		3.73	
18   	0.0953		8.85		3.79	
19   	0.0995		8.37		3.71	

Timer:      	'opt_pol'
Parent Timer:	'train'
Stamp Lineage:	('opt_pol')

Iter.	inputs      	loss_kl     	optimize    	loss_after  
-----	------		------		------		------	
0    	0.00018		5.18		44.3		5.17	
1    	0.00017		5.17		44.1		5.16	
2    	0.00016		5.14		43.7		5.12	
3    	0.00016		5.1		43.6		5.09	
4    	0.00022		5.08		43.5		5.09	
5    	0.00016		5.07		43.6		5.06	
6    	0.00016		5.07		43.7		5.07	
7    	0.00018		5.05		43.6		5.05	
8    	0.00026		5.03		43.3		5.04	
9    	0.00018		5.06		44.4		5.14	
10   	0.00017		5.05		43.6		5.07	
11   	0.00016		5.07		43.6		5.07	
12   	0.00016		5.12		43.6		5.06	
13   	0.00028		5.23		45.5		5.17	
14   	0.00016		5.13		43.9		5.11	
15   	0.00015		5.12		44.3		5.09	
16   	0.00018		5.11		44.3		5.1	
17   	0.00016		5.11		45.3		5.26	
18   	0.00024		5.12		44.4		5.09	

---End Report---



		MKL_NUM_THREADS: 64


---Timer Report---
Timer:      	'train'
Total:      	1441.5
Stamps Sum: 	1441.2
Self:       	0.022469
Self Agg.:  	0.043927
Calls:      	151
Calls Agg.: 	718
Grabs Agg.: 	79

Intervals
---------
init ................... 2.636
sample ................. 313.2
  get_params ............. 0.01268
  sample_paths ........... 313.1
    init_mgr ............... 1.847
    collect ................ 203.7
    get .................... 99.14
proc_samp .............. 87.12
log_diagn .............. 3.702
opt_pol ................ 959.9
  inputs ................. 0.003555
  loss_kl ................ 87.85
  optimize ............... 784
  loss_after ............. 88.07
snapshot ............... 0.5103
opt_pol_0 .............. 74.15

Loop Iterations
---------------
Timer:      	'train'

Iter.	sample      	proc_samp   	log_diagn   	opt_pol     	snapshot    
-----	------		------		------		------		------	
0    	23.8		2.96		0.0928		0		0.0214	
1    	21.5		4.6		0.182		50.5		0.0229	
2    	20.4		4.59		0.164		50.3		0.0253	
3    	19.4		4.45		0.188		50.8		0.026	
4    	18.6		4.69		0.171		49.9		0.0245	
5    	17.6		4.86		0.174		50.1		0.0303	
6    	16.9		4.66		0.159		50.9		0.03	
7    	16.2		4.43		0.179		49.8		0.024	
8    	15.6		4.65		0.158		51.2		0.0418	
9    	14.9		4.42		0.225		49.5		0.0198	
10   	14.7		4.48		0.165		50		0.026	
11   	12.2		4.4		0.234		51.1		0.0208	
12   	14.3		4.55		0.155		50.4		0.0301	
13   	12		4.18		0.163		50.4		0.0236	
14   	13		4.48		0.168		50.5		0.0241	
15   	11.9		4.1		0.157		51		0.0206	
16   	12.8		4.33		0.155		50.6		0.0199	
17   	12.8		4.04		0.236		50.9		0.0191	
18   	11.8		4.21		0.279		51.4		0.0386	
19   	12.9		4.04		0.297		50.8		0.0215	

Timer:      	'run_collect'
Parent Timer:	'obtain_samples'
Stamp Lineage:	('sample')-->('sample_paths')

Iter.	init_mgr    	collect     	get         
-----	------		------		------	
0    	0.0647		15		8.57	
1    	0.0804		13.9		7.28	
2    	0.083		13		6.89	
3    	0.0863		12.6		6.39	
4    	0.0896		11.9		6.13	
5    	0.0923		11.5		5.59	
6    	0.0976		10.9		5.38	
7    	0.114		10.5		5.1	
8    	0.0887		10.1		4.95	
9    	0.0941		9.67		4.68	
10   	0.0969		9.78		4.34	
11   	0.0924		7.47		4.21	
12   	0.09		9.7		4.11	
13   	0.0948		7.52		3.89	
14   	0.0918		8.68		3.75	
15   	0.0951		7.59		3.74	
16   	0.0991		8.66		3.58	
17   	0.1		8.68		3.59	
18   	0.0975		7.75		3.54	
19   	0.0986		8.86		3.43	

Timer:      	'opt_pol'
Parent Timer:	'train'
Stamp Lineage:	('opt_pol')

Iter.	inputs      	loss_kl     	optimize    	loss_after  
-----	------		------		------		------	
0    	0.00018		4.68		41.1		4.68	
1    	0.00017		4.69		41		4.64	
2    	0.00016		4.62		41.5		4.63	
3    	0.00018		4.63		40.7		4.59	
4    	0.00017		4.72		40.7		4.65	
5    	0.00021		4.64		41.6		4.64	
6    	0.00017		4.56		40.7		4.55	
7    	0.00019		4.67		41.8		4.72	
8    	0.00017		4.55		40.4		4.56	
9    	0.00016		4.58		40.8		4.63	
10   	0.00016		4.67		41.8		4.6	
11   	0.00018		4.57		41.1		4.74	
12   	0.00016		4.59		41.2		4.6	
13   	0.00019		4.6		41.3		4.58	
14   	0.00025		4.65		41.7		4.58	
15   	0.00027		4.62		41.3		4.64	
16   	0.00019		4.58		41.7		4.59	
17   	0.00023		4.61		42		4.74	
18   	0.00016		4.61		41.5		4.71	

---End Report---
